pack4 le [4 3 2 1]
pack4 be [1 2 3 4]
pack2 le [2 1 4 3]
pack2 be [1 2 3 4]
pack8 le [8 7 6 5 4 3 2 1]
pack8 be [1 2 3 4 5 6 7 8]
pack1 le [1 2 3]
pack1 be [1 2 3]
wrap1 [0 127 128 255 0 44 255 128 127]
wrap2 le [255 255 0 0 1 0 254 255 69 35]
wrap2 be [255 255 0 0 0 1 255 254 35 69]
wrap4 le [255 255 255 255 1 0 0 0 0 0 0 128 0 0 0 128]
wrap4 be [255 255 255 255 0 0 0 1 128 0 0 0 128 0 0 0]
wrap8 le [255 255 255 255 255 255 255 255 0 0 0 0 0 0 0 128 255 255 255 255 255 255 255 127]
wrap8 be [255 255 255 255 255 255 255 255 128 0 0 0 0 0 0 0 127 255 255 255 255 255 255 255]
empty []
empty unpack []
back1 s/le [0, 1, 127, -128, -1]
back1 u/le [0, 1, 127, 128, 255]
back1 s/be [0, 1, 127, -128, -1]
back1 u/be [0, 1, 127, 128, 255]
back2 s/le [-32768, -1, 4660, -32767]
back2 u/le [32768, 65535, 4660, 32769]
back2 s/be [128, -1, 13330, 384]
back2 u/be [128, 65535, 13330, 384]
back4 s/le [-2147483648, -1, 305419896]
back4 u/le [2147483648, 4294967295, 305419896]
back4 s/be [128, -1, 2018915346]
back4 u/be [128, 4294967295, 2018915346]
back8 s/le [578437695752307201, -1, -9223372036854775808]
back8 u/le [578437695752307201, -1, -9223372036854775808]
back8 s/be [72623859790382856, -1, 128]
back8 u/be [72623859790382856, -1, 128]
trip1 true s [0, 1, -1, 127, -128, -1, -1, 0, -1, -1, 0]
trip1 true u [0, 1, 255, 127, 128, 255, 255, 0, 255, 255, 0]
trip1 false s [0, 1, -1, 127, -128, -1, -1, 0, -1, -1, 0]
trip1 false u [0, 1, 255, 127, 128, 255, 255, 0, 255, 255, 0]
trip2 true s [0, 1, -1, 127, -128, 255, 32767, -32768, -1, -1, 0]
trip2 true u [0, 1, 65535, 127, 65408, 255, 32767, 32768, 65535, 65535, 0]
trip2 false s [0, 1, -1, 127, -128, 255, 32767, -32768, -1, -1, 0]
trip2 false u [0, 1, 65535, 127, 65408, 255, 32767, 32768, 65535, 65535, 0]
trip4 true s [0, 1, -1, 127, -128, 255, 32767, -32768, 65535, 2147483647, -2147483648]
trip4 true u [0, 1, 4294967295, 127, 4294967168, 255, 32767, 4294934528, 65535, 2147483647, 2147483648]
trip4 false s [0, 1, -1, 127, -128, 255, 32767, -32768, 65535, 2147483647, -2147483648]
trip4 false u [0, 1, 4294967295, 127, 4294967168, 255, 32767, 4294934528, 65535, 2147483647, 2147483648]
trip8 true s [0, 1, -1, 127, -128, 255, 32767, -32768, 65535, 2147483647, -2147483648]
trip8 true u [0, 1, -1, 127, -128, 255, 32767, -32768, 65535, 2147483647, -2147483648]
trip8 false s [0, 1, -1, 127, -128, 255, 32767, -32768, 65535, 2147483647, -2147483648]
trip8 false u [0, 1, -1, 127, -128, 255, 32767, -32768, 65535, 2147483647, -2147483648]
pack w3 bytes.pack: width 3 is not 1, 2, 4 or 8
pack w0 bytes.pack: width 0 is not 1, 2, 4 or 8
pack w16 bytes.pack: width 16 is not 1, 2, 4 or 8
pack w-1 bytes.pack: width -1 is not 1, 2, 4 or 8
unpack w3 bytes.unpack: width 3 is not 1, 2, 4 or 8
unpack w0 bytes.unpack: width 0 is not 1, 2, 4 or 8
unpack len7 bytes.unpack: length 7 is not a multiple of 4
unpack len1 bytes.unpack: length 1 is not a multiple of 2
unpack ok no panic
